30 30 12 281
0 0
29 29
2 2
27 27
15 15
0 29
14 15
29 0
27 2
15 14
2 27
14 14
1 2
1 3
1 4
1 5
1 6
1 7
1 8
1 9
1 10
1 11
1 12
1 13
1 14
1 16
1 17
1 18
1 19
1 20
1 21
1 22
1 23
1 24
1 25
1 26
1 27
1 28
2 28
3 28
4 28
5 28
6 28
7 28
8 28
9 28
10 28
11 28
12 28
13 28
14 28
16 28
17 28
18 28
19 28
20 28
21 28
22 28
23 28
24 28
25 28
26 28
27 28
28 28
28 27
28 26
28 25
28 24
28 23
28 22
28 21
28 20
28 19
28 18
28 17
28 16
28 14
28 13
28 12
28 11
28 10
28 9
28 8
28 7
28 6
28 5
28 4
28 3
28 2
28 1
1 1
2 1
3 1
4 1
5 1
6 1
7 1
8 1
9 1
10 1
11 1
12 1
13 1
14 1
16 1
17 1
18 1
19 1
20 1
21 1
22 1
23 1
24 1
25 1
26 1
27 1
4 4
4 5
4 6
4 7
4 8
4 9
4 10
4 11
4 12
4 13
4 14
4 15
4 16
4 17
4 18
4 19
4 20
4 21
4 22
4 23
4 24
4 25
25 4
25 5
25 6
25 7
25 8
25 9
25 10
25 11
25 12
25 13
25 14
25 15
25 16
25 17
25 18
25 19
25 20
25 21
25 22
25 23
25 24
25 25
6 4
7 4
8 4
9 4
10 4
11 4
12 4
13 4
14 4
15 4
16 4
17 4
18 4
19 4
20 4
21 4
22 4
23 4
6 25
7 25
8 25
9 25
10 25
11 25
12 25
13 25
14 25
15 25
16 25
17 25
18 25
19 25
20 25
21 25
22 25
23 25
7 7
7 8
7 9
7 10
7 11
7 12
7 13
7 14
7 16
7 17
7 18
7 19
7 20
7 21
7 22
22 7
22 8
22 9
22 10
22 11
22 12
22 13
22 14
22 16
22 17
22 18
22 19
22 20
22 21
22 22
8 7
9 7
10 7
11 7
12 7
13 7
14 7
16 7
17 7
18 7
19 7
20 7
21 7
8 22
9 22
10 22
11 22
12 22
13 22
14 22
16 22
17 22
18 22
19 22
20 22
21 22
10 10
10 11
10 12
10 13
10 14
10 15
10 16
10 17
10 18
10 19
19 10
19 11
19 12
19 13
19 14
19 15
19 16
19 17
19 18
19 19
12 10
13 10
14 10
15 10
16 10
17 10
12 19
13 19
14 19
15 19
16 19
17 19
13 13
13 14
13 15
13 16
16 13
16 14
16 15
16 16






