15 30 30 85
0 0
14 29
1 0
13 29
2 0
12 29
3 0
11 29
4 0
10 29
5 0
9 29
6 0
8 29
7 0
7 29
8 0
6 29
9 0
5 29
10 0
4 29
11 0
3 29
12 0
2 29
13 0
1 29
14 0
0 29
3 3
4 3
5 3
6 3
7 3
8 3
9 3
10 3
11 3
12 3
13 3
14 3
0 6
1 6
2 6
3 6
4 6
5 6
6 6
7 6
8 6
9 6
9 7
9 8
9 9
4 13
4 14
5 13
5 14
6 13
6 14
7 13
7 14
8 13
8 14
9 13
9 14
9 20
9 19
9 18
9 17
9 16
9 15
7 25
8 25
9 25
10 25
11 25
12 25
12 24
12 23
12 22
12 21
12 20
10 13
10 14
11 13
11 14
12 13
12 14
13 13
13 14
14 13
14 14
0 21
0 22
1 21
1 22
2 21
2 22
3 21
3 22
4 21
4 22
5 21
5 22
5 23
5 24
5 25
6 21
6 22
6 23
6 24
6 25

